valle d'aosta: 45.738966, 7.391724
Piemonte: 45.067843, 7.851320
liguria: 44.084245, 8.889903
lombaridia: 45.585980, 9.703411
trentino alto adige: 46.435552, 11.225836
veneto: 45.560252, 11.926862
Friuli: 46.226633, 13.018004
emilia: 44.494360, 11.138887
toscana: 43.423122, 11.337917
umbria: 42.976694, 12.552962
marche: 43.376338, 13.245161
lazio: 41.988602, 12.754283
abruzzo: 42.224191, 13.950745
molise: 41.673325, 14.644585
campania: 40.896726, 14.820118
puglia: 40.930062, 16.803171
basilicata: 40.492515, 16.048494
calabria: 39.026677, 16.455548
sicilia: 37.572507, 14.411219
sardegna: 40.075161, 9.153711